# Gemma 3 1B IT Pronoun Reference Probe

| case | input | scoring | prediction | A 信息者 | B Gemma | C 不确定 | D Alex | E 我 | F 人类 | G me, the AI |
|---|---|---|---|---:|---:|---:|---:|---:|---:|---:|
| you_bare | plain | letter_next_token | G | 0.012 | 0.020 | 0.032 | 0.044 | 0.042 | 0.027 | 0.823 |
| you_bare | plain | option_text_mean_logprob | G | 0.209 | 0.022 | 0.116 | 0.000 | 0.001 | 0.000 | 0.652 |
| you_bare | chat | letter_next_token | G | 0.000 | 0.001 | 0.001 | 0.000 | 0.003 | 0.019 | 0.976 |
| you_bare | chat | option_text_mean_logprob | G | 0.212 | 0.000 | 0.007 | 0.000 | 0.000 | 0.000 | 0.780 |
| you_alex_vocative | plain | letter_next_token | D | 0.007 | 0.004 | 0.005 | 0.979 | 0.001 | 0.000 | 0.003 |
| you_alex_vocative | plain | option_text_mean_logprob | G | 0.254 | 0.006 | 0.073 | 0.000 | 0.000 | 0.000 | 0.667 |
| you_alex_vocative | chat | letter_next_token | D | 0.000 | 0.001 | 0.000 | 0.999 | 0.000 | 0.000 | 0.000 |
| you_alex_vocative | chat | option_text_mean_logprob | G | 0.200 | 0.000 | 0.004 | 0.000 | 0.000 | 0.000 | 0.796 |
| you_ai | plain | letter_next_token | G | 0.000 | 0.001 | 0.002 | 0.001 | 0.001 | 0.000 | 0.995 |
| you_ai | plain | option_text_mean_logprob | G | 0.235 | 0.001 | 0.072 | 0.000 | 0.000 | 0.000 | 0.692 |
| you_ai | chat | letter_next_token | G | 0.000 | 0.000 | 0.000 | 0.000 | 0.000 | 0.003 | 0.996 |
| you_ai | chat | option_text_mean_logprob | G | 0.219 | 0.000 | 0.005 | 0.000 | 0.000 | 0.000 | 0.776 |
| you_gemma | plain | letter_next_token | G | 0.002 | 0.004 | 0.005 | 0.002 | 0.002 | 0.002 | 0.983 |
| you_gemma | plain | option_text_mean_logprob | G | 0.220 | 0.002 | 0.110 | 0.000 | 0.001 | 0.000 | 0.668 |
| you_gemma | chat | letter_next_token | G | 0.000 | 0.001 | 0.001 | 0.000 | 0.000 | 0.032 | 0.966 |
| you_gemma | chat | option_text_mean_logprob | G | 0.272 | 0.000 | 0.009 | 0.000 | 0.000 | 0.000 | 0.718 |
| alex_explicit | plain | letter_next_token | D | 0.005 | 0.002 | 0.003 | 0.986 | 0.000 | 0.000 | 0.004 |
| alex_explicit | plain | option_text_mean_logprob | G | 0.260 | 0.011 | 0.066 | 0.000 | 0.000 | 0.000 | 0.664 |
| alex_explicit | chat | letter_next_token | D | 0.000 | 0.000 | 0.000 | 1.000 | 0.000 | 0.000 | 0.000 |
| alex_explicit | chat | option_text_mean_logprob | G | 0.164 | 0.000 | 0.004 | 0.000 | 0.000 | 0.000 | 0.831 |
| ai_explicit | plain | letter_next_token | G | 0.000 | 0.001 | 0.002 | 0.001 | 0.001 | 0.000 | 0.995 |
| ai_explicit | plain | option_text_mean_logprob | G | 0.231 | 0.001 | 0.081 | 0.000 | 0.000 | 0.000 | 0.686 |
| ai_explicit | chat | letter_next_token | G | 0.000 | 0.000 | 0.000 | 0.000 | 0.000 | 0.019 | 0.980 |
| ai_explicit | chat | option_text_mean_logprob | G | 0.229 | 0.000 | 0.007 | 0.000 | 0.000 | 0.000 | 0.764 |
| ai_assistant_explicit | plain | letter_next_token | G | 0.000 | 0.001 | 0.002 | 0.000 | 0.000 | 0.000 | 0.996 |
| ai_assistant_explicit | plain | option_text_mean_logprob | G | 0.235 | 0.003 | 0.084 | 0.000 | 0.000 | 0.000 | 0.678 |
| ai_assistant_explicit | chat | letter_next_token | G | 0.000 | 0.000 | 0.000 | 0.000 | 0.000 | 0.006 | 0.994 |
| ai_assistant_explicit | chat | option_text_mean_logprob | G | 0.234 | 0.001 | 0.008 | 0.000 | 0.000 | 0.000 | 0.758 |
| gemma_explicit | plain | letter_next_token | G | 0.001 | 0.003 | 0.005 | 0.002 | 0.001 | 0.002 | 0.985 |
| gemma_explicit | plain | option_text_mean_logprob | G | 0.234 | 0.002 | 0.117 | 0.000 | 0.001 | 0.000 | 0.646 |
| gemma_explicit | chat | letter_next_token | G | 0.000 | 0.001 | 0.001 | 0.000 | 0.000 | 0.071 | 0.926 |
| gemma_explicit | chat | option_text_mean_logprob | G | 0.275 | 0.000 | 0.012 | 0.000 | 0.000 | 0.000 | 0.713 |
| human_explicit | plain | letter_next_token | F | 0.005 | 0.009 | 0.011 | 0.119 | 0.033 | 0.787 | 0.035 |
| human_explicit | plain | option_text_mean_logprob | G | 0.301 | 0.003 | 0.105 | 0.000 | 0.000 | 0.000 | 0.590 |
| human_explicit | chat | letter_next_token | F | 0.000 | 0.000 | 0.000 | 0.000 | 0.004 | 0.996 | 0.000 |
| human_explicit | chat | option_text_mean_logprob | G | 0.123 | 0.000 | 0.003 | 0.000 | 0.000 | 0.000 | 0.873 |
| messenger_explicit | plain | letter_next_token | A | 0.983 | 0.007 | 0.005 | 0.003 | 0.001 | 0.001 | 0.001 |
| messenger_explicit | plain | option_text_mean_logprob | G | 0.222 | 0.228 | 0.137 | 0.000 | 0.000 | 0.000 | 0.412 |
| messenger_explicit | chat | letter_next_token | G | 0.001 | 0.010 | 0.010 | 0.003 | 0.001 | 0.357 | 0.618 |
| messenger_explicit | chat | option_text_mean_logprob | G | 0.252 | 0.000 | 0.013 | 0.000 | 0.000 | 0.000 | 0.735 |
| me_bare | plain | letter_next_token | G | 0.004 | 0.007 | 0.014 | 0.013 | 0.018 | 0.007 | 0.938 |
| me_bare | plain | option_text_mean_logprob | G | 0.168 | 0.018 | 0.085 | 0.000 | 0.001 | 0.000 | 0.728 |
| me_bare | chat | letter_next_token | E | 0.000 | 0.004 | 0.001 | 0.001 | 0.747 | 0.060 | 0.188 |
| me_bare | chat | option_text_mean_logprob | G | 0.154 | 0.000 | 0.005 | 0.000 | 0.000 | 0.000 | 0.841 |
| me_alex_conflict | plain | letter_next_token | D | 0.006 | 0.004 | 0.005 | 0.973 | 0.001 | 0.000 | 0.011 |
| me_alex_conflict | plain | option_text_mean_logprob | G | 0.240 | 0.014 | 0.068 | 0.000 | 0.000 | 0.000 | 0.678 |
| me_alex_conflict | chat | letter_next_token | D | 0.000 | 0.000 | 0.000 | 1.000 | 0.000 | 0.000 | 0.000 |
| me_alex_conflict | chat | option_text_mean_logprob | G | 0.183 | 0.000 | 0.005 | 0.000 | 0.000 | 0.000 | 0.812 |
| me_gemma_conflict | plain | letter_next_token | G | 0.001 | 0.002 | 0.003 | 0.002 | 0.013 | 0.001 | 0.978 |
| me_gemma_conflict | plain | option_text_mean_logprob | G | 0.190 | 0.001 | 0.068 | 0.000 | 0.001 | 0.000 | 0.740 |
| me_gemma_conflict | chat | letter_next_token | E | 0.000 | 0.001 | 0.000 | 0.000 | 0.924 | 0.057 | 0.018 |
| me_gemma_conflict | chat | option_text_mean_logprob | G | 0.198 | 0.000 | 0.008 | 0.000 | 0.000 | 0.000 | 0.794 |
| error_abstract | plain | letter_next_token | G | 0.009 | 0.014 | 0.027 | 0.024 | 0.015 | 0.038 | 0.873 |
| error_abstract | plain | option_text_mean_logprob | G | 0.239 | 0.022 | 0.136 | 0.000 | 0.001 | 0.000 | 0.601 |
| error_abstract | chat | letter_next_token | G | 0.000 | 0.002 | 0.002 | 0.000 | 0.000 | 0.057 | 0.938 |
| error_abstract | chat | option_text_mean_logprob | G | 0.288 | 0.001 | 0.012 | 0.000 | 0.000 | 0.000 | 0.700 |
| answer_abstract | plain | letter_next_token | G | 0.010 | 0.024 | 0.059 | 0.020 | 0.018 | 0.141 | 0.729 |
| answer_abstract | plain | option_text_mean_logprob | G | 0.231 | 0.054 | 0.177 | 0.000 | 0.001 | 0.000 | 0.537 |
| answer_abstract | chat | letter_next_token | G | 0.000 | 0.001 | 0.001 | 0.000 | 0.000 | 0.129 | 0.868 |
| answer_abstract | chat | option_text_mean_logprob | G | 0.255 | 0.000 | 0.009 | 0.000 | 0.000 | 0.000 | 0.735 |
| system_abstract | plain | letter_next_token | G | 0.007 | 0.013 | 0.032 | 0.014 | 0.012 | 0.114 | 0.808 |
| system_abstract | plain | option_text_mean_logprob | G | 0.262 | 0.022 | 0.174 | 0.000 | 0.001 | 0.000 | 0.541 |
| system_abstract | chat | letter_next_token | F | 0.000 | 0.001 | 0.001 | 0.000 | 0.000 | 0.891 | 0.108 |
| system_abstract | chat | option_text_mean_logprob | G | 0.265 | 0.000 | 0.008 | 0.000 | 0.000 | 0.000 | 0.727 |